24 20
5 5 5 5 5 5 5 5 5 5 5 35 35 5 5 5 5 5 5 5 5 5 5 5
11 31 31 31 31 31 31 31 31 31 31 31 31 31 31 31 31 31 31 31 31 31 31 13
10 31 31 31 31 31 31 31 31 31 31 31 31 31 31 31 31 31 31 31 33 31 31 13
10 31 32 31 31 33 31 32 31 31 31 34 31 31 31 31 31 31 31 31 31 31 31 13
10 31 31 31 31 31 31 31 31 31 31 31 31 22 31 31 32 31 31 31 31 31 31 13
10 31 32 32 32 31 31 31 31 31 31 31 31 31 31 31 32 31 31 32 31 31 31 13
10 31 32 31 31 32 31 31 31 31 31 31 31 31 31 31 34 31 31 32 31 31 31 13
10 31 32 31 31 32 31 32 32 32 31 31 32 32 32 31 31 31 32 32 32 31 31 13
10 31 32 31 31 32 31 32 31 32 31 31 32 31 32 31 31 31 31 32 31 31 31 13
10 31 32 32 32 31 31 32 32 32 31 31 32 31 32 31 31 31 31 32 31 31 31 13
8 31 31 31 31 31 31 31 31 31 31 31 31 31 31 31 31 31 31 31 31 31 22 13
10 31 31 31 31 34 34 34 31 31 34 34 34 34 34 31 34 34 34 31 31 31 31 13
10 31 31 31 31 34 31 31 34 31 31 31 34 31 31 31 34 31 31 31 31 31 31 13
10 31 31 22 31 34 31 31 34 31 31 31 34 31 31 31 34 34 34 31 31 31 31 13
10 31 31 31 31 34 31 31 34 31 31 31 34 31 31 31 34 31 31 31 31 31 31 13
10 31 31 31 31 34 34 34 31 31 34 34 34 34 34 31 34 34 34 31 31 31 31 13
10 31 31 31 31 31 31 31 31 31 31 31 31 31 31 31 31 31 31 31 31 31 31 13
10 31 33 22 31 31 31 31 31 31 31 31 31 31 31 31 31 31 31 32 31 31 31 13
10 31 31 31 31 31 31 31 31 31 31 31 31 33 31 31 31 31 31 33 31 31 31 13
14 16 16 16 16 16 16 16 16 16 16 16 16 16 16 16 16 16 16 16 16 16 16 17