24 20
24 25 25 25 25 25 25 25 25 25 25 68 68 25 25 25 25 25 25 25 25 33 25 27
29 30 30 30 30 30 30 30 30 30 30 30 30 30 30 30 30 30 30 30 30 30 30 56
29 30 30 30 30 30 30 30 30 30 30 30 30 30 30 30 30 30 30 30 30 30 30 56
29 30 30 65 30 30 30 30 30 30 65 30 30 30 30 30 30 30 30 30 65 30 30 56
29 30 30 30 30 30 30 30 30 30 30 30 30 30 30 65 30 30 30 30 30 30 30 56
29 30 30 30 41 30 30 30 30 30 30 30 30 30 30 30 30 30 30 30 30 30 30 56
29 30 30 30 30 30 30 30 30 30 30 30 30 30 30 30 30 30 30 30 30 30 30 56
29 30 30 30 30 30 30 30 30 30 30 30 30 30 30 30 30 30 30 30 30 30 30 56
29 30 30 30 30 30 30 30 30 30 30 30 51 30 30 30 30 30 30 30 30 41 30 56
29 30 65 30 30 30 65 30 30 30 30 30 30 30 30 30 30 30 30 30 30 30 30 56
29 30 30 30 30 30 30 30 30 38 30 30 30 30 30 30 30 30 30 30 30 30 30 56
29 30 30 30 30 30 30 30 30 30 30 30 30 65 30 30 30 30 30 30 30 30 30 56
29 30 30 30 30 30 30 30 30 30 30 30 30 30 30 30 51 30 30 30 65 30 30 56
29 30 30 30 30 30 30 30 30 30 30 30 30 30 30 30 30 30 30 30 30 30 30 56
29 30 51 38 30 30 30 30 30 30 30 30 30 30 30 30 30 30 30 30 30 30 30 56
29 30 30 30 30 30 65 30 30 30 30 30 30 30 30 30 30 30 30 30 30 30 30 56
29 30 30 30 30 30 30 30 30 30 30 30 51 30 30 30 30 30 65 30 30 30 30 56
29 30 65 30 30 30 30 30 30 30 30 30 30 30 30 30 30 30 30 30 30 30 30 56
29 30 30 30 30 30 30 30 30 30 30 30 30 30 30 30 30 30 30 30 30 30 30 56
69 70 70 70 70 70 70 70 70 70 70 70 70 70 70 70 70 70 70 70 70 70 70 71