20 15
40 40 40 40 40 40 40 40 40 40 40 40 40 40 40 40 40 40 40 40
40 10 10 40 40 40 40 40 40 40 40 40 40 9 9 40 40 40 40 40
40 9 9 40 40 40 40 40 40 40 40 40 40 10 10 40 40 40 40 40
40 40 40 40 40 40 40 40 40 40 40 40 40 40 40 40 40 40 40 40
40 10 10 40 40 40 40 40 40 40 40 40 40 9 9 40 40 40 40 40
40 10 10 40 40 40 40 40 40 40 40 40 40 9 9 40 40 40 40 40
40 40 40 40 40 40 40 40 40 40 40 40 40 40 40 40 40 40 40 40
40 40 40 40 40 40 40 40 40 40 40 40 40 40 40 40 40 40 40 40
40 9 9 40 40 40 40 40 40 40 40 40 40 10 10 40 40 40 40 40
40 9 9 40 40 40 40 40 40 40 40 40 40 10 10 40 40 40 40 40
40 40 40 40 40 40 40 40 40 40 40 40 40 40 40 40 40 40 40 40
40 9 9 40 40 40 40 40 40 40 40 40 40 10 10 40 40 40 40 40
40 40 40 40 40 40 40 40 40 40 40 40 40 40 40 40 40 40 40 40
40 40 40 40 40 40 40 40 40 40 40 40 40 40 40 40 40 40 40 40
40 40 40 40 40 40 40 40 40 40 40 40 40 40 40 40 40 40 40 40